30.57
30.63
30.14
30.08
30.28
30.02
29.67
30.09
29.92
29.42
30.72
30.25
29.72
28.25
29.01
29.42
29.7
28.47
27.44
27.82
27.98
28.46
27.44
27.92
27.73
28.03
27.87
28.38
28.63
29.06
28.94
28.99
28.81
28.63
28.15
28.66
28.86
29.23
29.86
29.84
29.9
30.1
31.28
31.3
31.86
32.12
32.21
32.37
31.98
32.06
32.02
32.09
31.75
32.11
32.62
32.77
32.38
32.99
33.2
33.69
33.57
34.07
34.22
34.37
34.28
34.54
34.61
34.63
35.1
35.56
35.34
35.3
34.94
37.03
38.07
38.69
38.5
37.43
37.37
38.38
37.3
38.05
36.95
36.57
35.18
33.69
36.28
36.65
37.44
36.91
36.26
36.32
36.05
35.48
33.97
34.62
35.25
35.03
34.87
36.19
36.7
37.26
37.71
37.59
36.57
35.85
35.62
34.74
35.79
36.22
36.33
37.1
38.18
38.84
39.15
38.6
39.12
38.71
38.43
38.1
38.33
36.6
35.93
35.5
35.28
35.52
36.95
36.87
37.09
36.76
35.97
36.1
35.92
35.7
35.08
35.98
36.32
37.0
37.13
37.04
37.73
37.28
36.87
36.75
37.41
37.42
37.57
37.39
37.16
37.39
37.06
35.74
35.97
35.59
35.38
36.0
36.15
35.7
35.66
35.11
34.28
34.7
34.33
34.52
34.64
34.73
35.76
36.02
36.97
36.83
37.56
37.58
37.63
38.15
38.29
38.6
39.51
39.34
40.46
40.54
41.11
41.27
41.76
41.6
40.98
41.05
40.54
40.36
39.81
41.28
41.31
41.32
42.01
42.19
42.65
42.88
43.19
44.96
45.43
44.21
44.36
44.22
43.92
44.12
44.01
43.98
43.61
43.0
43.45
44.19
44.69
45.47
45.3
45.52
45.15
45.43
45.24
44.0
43.86
43.08
42.93
44.06
43.82
44.77
44.1
44.97
45.0
45.27
44.45
45.2
45.45
45.35
45.74
45.46
45.86
45.68
45.79
45.95
45.76
45.77
45.89
45.8
46.03
46.32
46.45
46.23
46.38
46.5
46.47
46.24
46.08
47.08
47.33
47.71
47.68
48.02
48.92
48.81
49.2
49.38
49.78
48.66
48.41
47.53
46.67
48.21
48.77
49.12
49.03
48.01
48.47
49.29
49.19
49.06
49.5
50.27
50.74
51.17
50.65
50.98
51.31
51.41
51.88
51.19
50.08
48.37
48.95
48.98
49.74
50.46
49.9
50.3
51.37
51.43
50.77
50.82
50.35
49.52
50.28
50.51
49.35
47.14
47.81
47.24
48.47
48.74
48.46
49.28
50.22
50.06
50.14
49.8
49.79
49.22
48.74
48.41
48.29
48.3
47.87
47.26
47.49
48.02
47.49
46.78
47.41
48.27
48.92
50.1
50.43
50.06
50.02
49.54
50.02
49.47
49.74
49.94
49.54
49.52
49.66
49.92
49.6
49.51
48.64
47.61
48.02
48.55
48.65
47.89
47.77
47.46
48.11
47.86
48.2
49.69
49.36
49.44
49.06
48.29
47.43
47.46
47.36
46.56
46.66
47.49
46.68
46.45
45.75
45.05
46.47
46.09
47.32
46.62
47.43
47.89
47.72
47.95
49.04
49.92
50.25
51.03
51.39
50.57
50.54
51.15
51.11
52.13
53.4
53.84
55.27
55.33
56.19
56.93
57.63
56.08
55.97
55.78
56.68
55.46
56.08
53.91
53.37
50.46
53.43
51.96
53.39
53.86
54.77
54.35
54.35
52.29
50.86
50.92
53.37
53.74
53.39
54.8
55.71
55.71
54.98
54.43
53.44
54.25
54.85
54.88
53.93
54.28
54.95
55.61
56.14
57.21
58.8
59.06
58.88
57.4
57.76
57.6
57.04
56.72
55.8
54.47
53.51
53.21
54.04
53.91
52.83
55.54
57.18
57.46
58.35
60.29
60.0
60.32
56.95
56.47
56.12
57.97
56.82
57.23
57.81
57.85
57.83
56.64
56.77
57.58
57.18
57.1
58.03
56.47
55.03
54.95
54.18
55.55
54.97
53.92
53.56
52.72
53.79
52.43
51.94
53.73
53.31
54.6
55.42
55.67
56.14
55.85
55.58
55.81
56.23
55.98
55.54
54.31
54.13
54.43
54.6
56.56
56.64
56.94
57.62
58.08
57.52
57.87
57.86
58.75
59.06
59.72
60.34
60.25
60.46
60.36
60.2
59.97
60.67
61.3
61.11
60.04
61.06
60.06
63.81
63.52
63.9
64.72
65.21
65.17
65.02
65.67
66.28
66.98
68.1
70.45
70.49
71.8
72.78
71.1
71.74
71.73
73.55
73.29
73.77
74.63
75.11
76.49
77.49
77.78
77.88
76.17
75.75
75.81
77.43
77.88
78.86
81.16
84.23
83.65
83.65
85.87
86.57
86.07
85.62
85.15
86.71
87.78
88.23
87.12
85.65
88.38
89.9
89.19
90.53
90.89
89.78
89.46
88.97
86.46
82.88
87.1
86.91
83.92
81.85
81.67
80.04
87.14
86.81
86.14
83.43
83.16
83.71
83.12
80.75
81.35
81.17
81.31
81.5
80.96
79.75
79.02
78.01
75.73
75.77
80.18
79.57
81.51
80.76
80.33
81.75
82.74
82.53
80.14
80.61
80.4
81.64
81.67
82.9
81.6
82.31
81.74
81.65
82.02
83.68
83.92
83.68
82.52
83.16
81.54
81.72
82.07
81.29
83.43
84.65
85.63
87.13
86.55
87.7
86.89
86.35
85.56
86.42
86.7
86.71
86.61
87.76
86.33
86.26
85.85
82.14
82.13
83.59
85.0
87.25
86.69
86.83
87.96
88.94
88.7
88.55
88.68
88.81
90.0
90.24
90.12
90.91
92.59
95.02
93.72
95.55
94.66
94.75
96.53
96.4
96.21
94.84
95.03
96.42
95.75
96.61
97.21
94.68
94.37
95.68
97.57
98.75
99.97
100.27
100.3
99.81
100.01
98.68
96.22
95.03
97.33
95.3
94.2
94.47
95.92
95.26
93.23
91.17
90.84
91.56
89.7
89.96
90.68
92.83
92.09
90.38
87.12
90.58
87.62
88.12
87.08
86.29
85.05
85.22
82.4
83.52
83.26
79.71
76.82
78.15
77.55
77.56
76.7
75.09
75.38
80.82
80.13
80.24
81.64
84.22
83.54
83.28
84.19
83.61
83.74
82.26
76.97
78.18
76.18
75.69
77.34
77.0
75.67
72.83
74.12
76.27
75.19
74.53
74.19
74.31
73.29
73.58
72.8
76.02
78.43
77.44
75.29
74.8
75.04
73.87
74.79
74.33
71.68
69.42
72.3
71.81
71.43
72.11
73.43
64.36
62.84
64.26
65.47
65.26
65.07
64.8
63.19
65.41
65.34
66.89
67.85
68.56
66.84
66.72
66.66
65.74
65.71
64.12
63.72
64.4
63.26
64.14
63.51
63.06
61.5
60.01
61.59
60.81
61.51
61.67
62.55
61.2
61.19
61.79
63.38
65.1
64.93
64.58
64.68
65.99
66.23
65.88
64.58
63.24
61.27
61.4
61.71
61.1
60.46
60.89
61.0
62.24
62.05
61.4
59.98
60.89
57.54
56.01
55.79
56.95
58.02
57.92
58.34
59.6
61.45
63.25
62.76
63.65
64.28
65.82
65.52
66.26
65.25
64.71
64.96
63.41
61.26
62.08
61.89
63.28
62.81
63.05
63.16
63.59
63.06
63.56
64.51
64.25
64.39
64.19
63.59
62.64
63.12
62.7
62.51
61.74
62.28
61.44
61.71
61.68
60.43
59.55
59.07
57.51
57.52
56.87
56.25
56.65
58.46
59.78
60.11
59.63
59.29
60.34
60.1
61.04
60.93
61.06
61.46
61.47
61.68
60.71
60.9
59.86
62.93
62.64
63.0
63.97
64.76
64.65
65.24
66.08
67.06
66.46
66.43
65.86
64.92
66.77
69.94
71.21
71.13
71.76
72.53
71.58
71.77
71.85
71.57
71.85
69.8
70.13
70.24
69.6
69.8
71.24
70.75
71.17
72.31
70.66
66.82
67.53
66.41
64.3
65.05
66.38
67.47
66.77
70.09
69.87
68.79
69.46
68.96
68.11
69.71
69.94
69.06
69.0
69.68
68.71
69.51
69.95
70.4
70.86
71.24
71.59
72.07
72.7
74.48
74.27
74.99
75.99
75.14
75.7
73.81
74.98
74.67
74.29
75.25
75.06
74.42
73.21
74.37
74.15
74.29
74.38
75.45
75.0
74.09
74.22
73.57
74.45
74.26
74.82
76.2
77.99
79.44
78.75
80.9
80.71
81.13
80.0
80.92
80.79
80.19
80.08
79.2
79.64
79.28
78.68
77.78
78.43
81.44
81.1
80.56
80.01
79.22
80.15
79.02
77.28
77.7
77.15
77.64
76.65
76.13
76.53
78.06
79.62
79.18
77.24
78.44
78.79
79.45
78.01
78.64
72.36
71.54
71.4
71.51
71.65
72.68
73.23
73.22
74.24
75.57
76.57
76.56
77.78
77.71
78.0
76.77
75.88
75.04
75.36
74.58
73.91
75.38
75.18
75.39
75.89
76.05
75.82
75.78
75.85
76.58
76.66
75.81
74.96
75.25
75.91
75.89
75.53
76.12
77.03
77.86
77.11
76.78
76.69
76.68
77.38
77.51
76.97
75.97
74.78
74.78
75.76
74.78
74.23
74.53
73.99
74.14
74.99
75.88
75.96
74.96
81.11
81.71
84.87
84.62
84.3
84.5
84.65
85.85
84.92
84.62
84.0
83.65
84.69
84.82
84.84
84.12
85.36
86.37
86.39
86.62
86.75
87.73
89.38
89.14
90.77
90.43
89.81
91.08
92.12
92.48
92.22
93.7
94.25
93.86
92.29
91.28
92.2
92.08
92.18
91.86
90.91
90.83
90.28
90.36
90.9
91.98
92.93
93.52
93.48
94.03
95.97
95.35
95.39
95.04
95.22
96.45
95.32
94.78
93.09
94.43
93.94
94.72
97.19
97.03
97.67
99.02
98.38
98.15
95.6
96.13
95.59
95.12
94.96
94.48
94.74
95.99
95.97
97.24
97.5
97.98
99.16
100.53
100.57
100.58
101.32
101.54
100.89
102.13
102.25
102.5
103.3
98.94
98.12
98.97
98.36
97.99
101.0
101.43
101.66
101.63
100.86
101.58
101.79
100.96
101.06
102.64
101.75
97.87
100.75
100.11
100.75
99.18
99.9
99.62
99.62
98.75
100.8
101.02
100.73
99.81
98.75
97.54
96.26
97.67
99.76
102.47
102.99
104.83
105.22
105.11
106.74
107.34
106.98
108.0
109.4
108.6
108.86
108.7
109.01
108.83
109.7
111.25
112.82
114.18
113.99
115.47
114.67
116.31
116.47
118.62
117.6
119.0
118.93
115.07
114.63
115.93
115.49
115.0
112.4
114.12
111.95
111.62
109.73
108.22
106.74
109.41
112.65
111.78
112.94
112.54
112.01
113.99
113.91
112.52
110.38
109.33
106.25
106.26
107.75
111.89
112.01
109.25
110.22
109.8
106.82
105.99
108.72
109.55
112.4
112.98
113.1
109.14
115.31
118.9
117.16
118.63
118.65
119.56
119.94
118.93
119.72
122.02
124.88
126.46
127.08
127.83
128.72
128.45
129.5
133.0
132.17
128.79
130.42
128.46
129.09
129.36
128.54
126.41
126.6
127.14
124.51
122.24
124.45
123.59
124.95
127.04
128.47
127.5
125.9
127.21
126.69
123.38
124.24
123.25
126.37
124.43
124.25
125.32
127.35
126.01
125.6
126.56
127.1
126.85
126.3
126.78
126.17
124.75
127.6
126.91
128.62
129.67
130.28
132.65
130.56
128.64
125.15
128.95
128.7
125.8
125.01
125.26
127.62
126.32
125.86
126.01
128.95
128.77
130.19
130.07
130.06
131.39
132.54
129.62
132.04
131.78
130.28
130.54
129.96
130.12
129.36
128.65
127.8
127.42
128.88
128.59
127.17
126.92
127.6
127.3
127.88
126.6
127.61
127.03
128.11
127.5
126.75
124.53
125.42
126.6
126.44
126.0
125.69
122.57
120.07
123.28
125.66
125.61
126.82
128.51
129.62
132.07
130.75
125.22
125.16
124.5
122.77
123.38
122.99
122.37
121.3
118.44
114.64
115.4
115.13
115.52
119.72
113.49
115.24
115.15
115.96
117.16
116.5
115.01
112.65
105.76
103.12
103.74
109.69
112.92
113.29
112.76
107.72
112.34
110.37
109.27
112.31
110.15
112.57
114.21
115.31
116.28
116.41
113.92
113.45
115.21
113.4
114.32
115.0
114.71
112.44
109.06
110.3
109.58
110.38
110.78
111.31
110.78
109.5
112.12
111.6
111.79
110.21
111.86
111.04
111.73
113.77
113.76
115.5
119.08
115.28
114.55
119.27
120.53
119.5
121.18
122.57
122.0
120.92
121.06
120.57
116.77
116.11
115.72
112.34
114.18
113.69
117.29
118.78
119.3
117.75
118.88
118.03
117.81
118.3
117.34
116.28
115.2
119.03
118.28
118.23
115.62
116.17
113.18
112.48
110.49
111.34
108.98
106.03
107.33
107.23
108.61
108.03
106.82
108.74
107.32
105.26
105.35
102.71
100.7
96.45
96.96
98.53
99.96
97.39
99.52
97.13
96.66
96.79
96.3
101.42
99.44
99.99
93.42
94.09
97.34
96.43
94.48
96.35
96.6
94.02
95.01
94.99
94.27
93.7
93.99
96.64
98.12
96.26
96.04
96.88
94.69
96.1
96.76
96.91
96.69
100.53
100.75
101.5
103.01
101.87
101.03
101.12
101.17
102.26
102.52
104.58
105.97
105.8
105.92
105.91
106.72
106.13
105.67
105.19
107.68
109.56
108.99
109.99
111.12
109.81
110.96
108.54
108.66
109.02
110.44
112.04
112.1
109.85
107.48
106.91
107.13
105.97
105.68
105.08
104.35
97.82
94.83
93.74
93.64
95.18
94.19
93.24
92.72
92.79
93.42
92.51
90.34
90.52
93.88
93.49
94.56
94.2
95.22
96.43
97.9
99.62
100.41
100.35
99.86
98.46
97.72
97.92
98.63
99.03
98.94
99.65
98.83
97.34
97.46
97.14
97.55
95.33
95.1
95.91
95.55
96.1
93.4
92.04
93.59
94.4
95.6
95.89
94.99
95.53
95.94
96.68
96.98
97.42
96.87
98.79
98.78
99.83
99.87
99.96
99.43
98.66
97.34
96.67
102.95
104.34
104.21
106.05
104.48
105.79
105.87
107.48
108.37
108.81
108.0
107.93
108.18
109.48
109.38
109.22
109.08
109.36
108.51
108.85
108.03
107.57
106.94
106.82
106.0
106.1
106.73
107.73
107.7
108.36
105.52
103.13
105.44
107.95
111.77
115.57
114.92
113.58
113.57
113.55
114.62
112.71
112.88
113.09
113.95
112.18
113.05
112.52
113.0
113.05
113.89
114.06
116.05
116.3
117.34
116.98
117.63
117.55
117.47
117.12
117.06
116.6
117.65
118.25
115.59
114.48
113.72
113.54
111.49
111.59
109.83
108.84
110.41
111.06
110.88
107.79
108.43
105.71
107.11
109.99
109.95
110.06
111.73
111.8
111.23
111.79
111.57
111.46
110.52
109.49
109.9
109.11
109.95
111.03
112.12
113.95
113.3
115.19
115.19
115.82
115.97
116.64
116.95
117.06
116.29
116.52
117.26
116.76
116.73
115.82
