113.33
113.63
113.71
114.19
114.57
114.73
113.66
114.62
114.93
113.64
115.06
113.89
111.7
109.21
109.77
109.31
109.83
108.57
107.39
109.06
110.38
109.83
106.44
106.66
105.89
107.22
107.01
108.13
108.04
109.74
110.26
110.91
111.14
111.16
109.81
110.82
110.67
110.74
111.89
112.2
112.3
112.64
114.25
114.27
114.46
114.97
115.45
115.46
115.49
116.41
117.1
117.04
115.97
116.59
117.41
116.84
116.65
116.58
117.32
117.4
117.0
117.8
118.76
119.04
118.36
118.77
119.55
119.74
119.83
121.19
121.29
119.36
119.81
120.88
120.66
121.02
121.81
121.35
118.48
119.38
120.86
118.81
120.35
117.52
116.82
112.94
111.26
116.16
115.83
117.45
115.99
113.89
113.95
112.4
111.76
107.54
109.12
107.71
107.82
107.17
110.76
109.37
107.53
110.33
110.71
106.82
105.49
106.62
106.05
109.15
109.68
109.51
112.0
111.96
112.14
111.73
111.41
109.57
109.23
107.42
107.87
107.53
104.21
103.22
102.76
102.2
102.87
106.11
107.16
107.96
108.03
109.66
109.65
109.68
106.66
107.29
108.48
107.07
109.46
110.41
111.56
111.55
110.83
110.29
110.27
112.76
112.22
112.97
112.85
112.39
112.99
112.38
109.3
108.63
108.31
108.26
109.59
109.79
107.88
107.53
107.12
105.53
105.94
105.23
106.86
105.31
105.31
108.46
109.47
110.89
109.64
110.41
110.92
111.48
112.72
112.65
113.08
113.05
112.49
114.21
113.98
113.42
112.5
114.82
114.27
114.67
114.47
114.13
114.61
113.75
116.04
116.03
115.89
116.54
116.65
117.01
117.92
117.46
117.7
118.54
116.73
117.87
118.13
118.35
118.7
118.72
118.38
118.4
118.49
118.53
119.48
119.95
122.26
122.72
122.49
121.61
122.1
121.64
120.2
120.03
118.16
118.22
119.96
120.29
120.19
118.45
120.2
118.8
119.16
118.49
121.01
122.56
122.89
122.76
122.83
123.28
123.76
124.48
124.56
124.67
124.1
124.82
124.3
124.6
125.39
125.78
125.6
125.65
125.83
125.92
125.72
125.75
127.05
126.98
127.64
127.39
127.14
126.98
127.43
128.58
128.37
129.3
129.52
128.25
128.08
128.37
129.1
129.17
129.67
129.99
127.72
128.68
130.74
130.48
130.76
131.17
132.0
132.59
132.32
132.33
133.15
133.43
133.04
133.82
134.22
134.57
131.8
131.01
130.92
132.32
133.15
130.89
131.16
133.47
132.47
131.37
132.56
132.39
129.93
130.84
130.05
128.56
126.21
127.85
127.76
129.74
129.3
129.64
130.9
131.29
130.94
131.86
132.7
132.51
133.15
133.24
133.24
133.66
133.32
132.86
132.47
131.45
131.45
131.56
132.12
130.53
131.28
133.16
133.74
133.62
134.79
135.63
136.04
136.54
136.25
135.71
134.86
133.63
134.2
134.72
135.87
134.45
135.1
134.04
133.19
133.17
134.38
134.66
133.67
132.04
131.95
132.37
133.01
133.54
134.89
131.85
131.69
130.4
129.05
128.85
128.4
129.4
127.56
127.67
129.32
127.02
127.28
127.02
127.7
129.42
128.7
128.29
126.81
127.94
129.61
130.75
131.97
133.96
133.71
133.94
135.46
134.4
131.96
131.43
131.85
130.94
131.74
130.58
132.78
132.65
134.52
134.61
133.83
133.36
130.6
130.16
129.05
128.71
125.49
126.21
120.18
119.98
112.26
117.37
112.35
117.28
118.15
120.55
119.56
119.67
114.61
112.68
112.73
116.46
118.13
116.31
118.04
121.38
121.62
122.06
120.96
117.84
116.99
120.27
119.02
115.86
116.66
117.58
119.36
121.47
121.58
120.31
120.17
116.51
112.8
113.54
116.25
117.6
115.16
116.02
113.17
109.93
112.13
114.5
116.51
115.75
119.59
119.68
120.67
120.47
122.56
120.24
122.61
121.14
121.69
123.91
125.49
123.08
124.33
127.43
128.68
125.45
122.08
123.99
126.24
125.45
126.28
127.86
123.19
124.32
126.62
125.46
126.12
124.05
122.18
121.99
119.62
119.19
116.56
116.2
119.7
120.08
125.11
124.98
124.86
126.21
126.26
126.75
123.98
126.03
124.24
123.11
121.71
122.15
121.57
120.32
123.88
124.17
125.33
126.39
126.49
124.92
126.1
125.5
127.49
127.63
128.1
127.82
127.99
129.13
129.25
129.51
129.01
129.31
130.8
131.48
131.95
131.58
131.46
132.57
131.9
131.73
131.38
131.21
132.47
134.57
134.46
134.79
135.19
135.34
134.43
135.36
135.19
134.54
136.04
136.41
136.46
136.02
136.61
136.93
137.16
137.56
136.87
137.77
137.32
136.75
134.67
135.69
137.02
137.57
137.58
140.06
139.91
140.72
140.27
140.88
140.41
140.16
139.16
139.69
141.61
141.13
140.43
140.22
140.72
141.79
141.26
139.84
139.78
138.23
135.84
136.9
138.85
137.13
136.93
139.09
138.59
137.75
137.95
136.79
137.31
139.24
140.17
140.42
139.77
140.74
140.28
139.25
136.96
137.1
136.5
135.74
135.95
135.56
134.13
133.35
132.88
130.87
129.74
132.02
132.2
132.27
132.53
132.1
133.7
131.73
131.49
128.16
128.1
129.03
132.02
132.05
133.12
131.45
133.01
132.1
133.57
133.57
134.43
135.69
135.44
132.44
133.42
131.26
132.0
133.17
132.79
136.27
136.46
137.47
136.84
135.59
135.32
134.14
134.16
133.51
135.75
135.39
136.36
137.41
137.74
136.47
135.09
134.03
133.95
136.17
138.8
138.68
137.71
137.59
136.64
139.39
139.62
140.32
140.49
140.63
140.84
140.77
140.79
140.95
142.01
142.22
142.22
141.76
141.82
140.68
141.52
141.54
141.4
141.51
140.49
141.24
140.87
140.94
143.78
144.39
143.51
143.89
144.39
146.7
147.24
146.74
146.62
146.74
146.75
145.89
145.59
144.19
143.29
144.72
143.93
144.24
144.5
145.07
146.27
146.13
145.66
144.25
143.28
143.36
142.84
144.01
145.58
146.16
145.86
143.3
143.41
141.35
141.05
141.43
141.35
141.18
142.91
141.56
141.9
142.93
139.78
137.95
138.16
138.24
137.8
135.98
135.7
136.35
139.15
139.28
139.45
141.35
141.05
140.33
141.46
142.12
142.16
141.45
141.25
141.5
141.98
142.42
142.47
143.44
143.51
142.63
142.11
143.77
145.37
144.29
145.12
142.79
142.35
141.75
141.56
140.03
142.41
146.06
145.73
146.37
145.97
145.55
145.92
147.08
147.07
146.97
147.07
147.05
148.0
148.33
149.13
149.37
149.41
150.25
150.07
150.66
150.07
149.7
151.24
149.54
151.05
151.16
150.96
151.8
151.77
152.02
152.15
152.29
152.11
153.25
151.34
150.42
151.89
149.0
150.02
151.91
151.61
152.11
152.92
154.29
154.5
154.78
155.44
156.03
155.68
155.9
156.73
155.83
154.97
154.61
155.69
154.36
155.6
154.95
156.19
156.19
156.67
156.05
156.82
155.23
155.86
155.16
156.21
156.75
158.67
159.19
158.8
155.12
157.41
155.11
154.14
155.48
156.17
157.78
157.88
158.52
158.24
159.3
159.68
158.28
159.75
161.37
161.78
162.6
163.34
162.88
163.41
163.54
165.23
166.12
165.34
166.94
166.93
167.17
165.93
165.45
165.31
166.3
165.22
165.83
163.44
164.35
163.56
161.27
162.73
164.8
164.8
163.1
161.75
164.21
163.18
164.44
165.74
163.45
159.4
159.07
157.06
158.58
160.14
161.08
160.42
161.36
161.21
161.28
163.02
163.94
165.13
165.19
167.44
167.51
168.16
167.52
167.95
168.87
169.17
169.5
169.14
168.52
168.93
169.11
168.59
168.59
168.71
170.66
170.95
170.7
169.73
169.18
169.8
169.31
169.11
169.61
168.74
166.38
165.83
164.77
165.58
164.56
166.06
166.62
166.0
163.33
163.91
164.17
163.65
164.39
165.75
165.96
166.04
167.63
168.87
169.4
168.95
169.33
170.31
171.07
173.05
172.76
170.72
169.93
169.53
169.04
169.69
168.91
168.01
169.34
169.18
167.62
168.89
167.43
165.48
165.6
169.17
170.26
170.94
169.7
172.07
173.22
174.39
174.4
175.41
174.57
175.15
175.95
176.23
177.17
176.29
175.79
176.21
176.83
176.27
177.17
174.93
177.29
177.32
176.96
178.38
179.27
180.05
179.42
179.03
178.47
179.91
180.81
180.63
180.68
181.12
181.0
180.53
179.75
179.73
178.94
180.94
181.4
180.75
178.72
178.13
178.11
179.22
178.65
181.7
181.49
181.56
182.53
182.93
183.86
183.84
183.82
184.69
182.92
182.88
182.36
183.48
183.52
183.64
184.14
181.68
183.67
184.66
184.42
183.64
184.18
184.3
182.79
178.89
178.01
179.07
177.35
179.23
178.18
174.17
175.38
175.17
177.48
179.68
180.01
181.98
182.07
183.01
184.02
184.24
183.02
184.1
183.89
184.91
184.84
184.85
185.82
186.29
184.98
187.58
187.75
188.18
188.26
188.16
187.23
187.28
185.18
184.66
186.33
187.66
186.66
187.75
186.2
185.43
186.31
184.97
184.58
185.49
187.01
188.25
188.88
188.63
186.4
184.34
185.1
187.09
183.16
181.51
182.94
184.2
186.12
186.39
187.04
187.89
187.45
187.83
186.29
186.88
187.75
188.31
188.32
188.06
188.42
186.78
187.88
187.68
187.96
189.78
189.96
189.06
187.4
188.05
188.74
187.55
189.13
189.59
190.35
191.52
191.38
192.37
192.68
192.9
192.8
193.19
194.45
195.38
195.58
195.6
194.92
193.54
194.13
194.29
194.83
196.26
196.48
195.94
195.88
194.7
195.58
195.44
195.82
195.72
197.03
197.23
198.2
197.51
196.24
197.12
196.34
196.61
197.6
197.23
197.96
195.71
197.71
197.34
198.2
198.64
198.65
197.72
197.8
196.95
196.98
193.09
192.5
193.89
192.01
192.07
191.03
193.24
193.8
193.53
194.84
195.76
195.72
197.36
198.39
198.92
199.5
199.19
200.2
200.33
200.25
200.14
200.71
200.61
200.5
200.21
201.11
200.59
199.32
200.07
200.3
199.13
198.98
200.48
200.75
201.82
200.7
199.15
198.01
199.56
196.34
197.9
197.54
197.02
194.35
194.38
196.52
196.29
193.26
196.64
192.74
190.54
187.41
187.7
186.43
186.27
188.47
190.3
194.07
192.69
194.93
196.43
196.16
198.41
198.11
199.38
201.66
201.77
201.07
202.34
203.15
203.34
203.98
204.18
203.96
204.19
204.24
204.37
205.55
205.22
205.58
206.68
207.26
207.11
207.64
207.2
205.76
207.08
207.89
207.66
208.0
206.61
206.47
203.16
204.19
200.89
199.51
197.91
201.79
206.78
206.52
207.47
207.75
207.77
208.44
208.72
207.6
205.54
205.43
201.72
199.82
202.31
205.9
204.25
202.65
202.08
200.86
199.02
201.63
202.06
203.08
206.1
204.97
205.45
202.74
200.14
201.99
199.45
201.92
204.84
204.06
206.12
205.55
204.63
206.81
206.93
208.92
209.78
210.11
210.13
209.98
211.24
211.21
211.81
211.63
211.38
210.66
211.99
211.12
210.23
210.46
207.5
208.36
204.98
204.5
207.1
205.83
208.58
207.96
210.46
209.5
210.41
210.0
208.82
205.76
205.27
205.74
208.25
206.43
205.7
206.44
207.83
207.28
207.98
208.9
210.04
209.09
209.49
210.43
210.37
207.95
209.85
209.6
210.63
211.16
211.65
210.77
211.44
210.57
208.46
210.72
211.32
208.9
208.04
208.87
211.62
210.6
209.98
210.02
212.21
212.44
213.1
213.03
212.88
213.5
212.99
210.7
212.7
212.46
211.14
211.57
211.36
211.92
210.13
209.77
208.48
208.45
210.95
211.63
210.01
209.11
210.25
210.59
212.78
210.81
211.89
212.04
210.5
209.86
209.82
205.42
205.85
207.5
207.31
206.72
208.02
204.53
204.9
207.48
209.77
210.68
210.61
212.3
212.48
212.59
211.75
211.37
210.18
208.0
206.79
209.33
210.77
210.82
210.5
209.79
209.38
210.07
208.35
207.95
210.57
208.67
208.92
208.66
209.42
210.59
209.98
208.32
204.01
197.63
189.55
187.23
194.68
199.16
199.24
197.54
191.92
195.36
195.65
192.56
197.46
194.79
195.85
196.81
196.01
198.46
200.18
199.73
195.36
196.46
193.9
193.6
192.93
192.86
188.01
188.12
191.63
192.16
195.0
198.47
197.81
199.41
201.21
201.33
201.52
200.25
199.29
202.29
203.27
203.32
203.11
201.85
205.26
207.51
206.99
206.57
208.94
208.83
207.93
210.33
211.0
210.36
210.15
210.04
208.08
208.56
207.67
204.84
202.54
205.62
205.47
208.73
208.55
209.31
209.07
209.35
209.32
209.56
208.69
210.68
208.53
205.61
209.62
208.35
206.95
205.34
205.87
201.88
202.9
205.03
208.03
204.86
200.02
201.67
203.5
206.02
205.68
205.21
207.4
205.93
203.87
201.02
201.36
198.82
194.05
191.92
192.11
193.66
188.83
191.93
187.81
188.06
185.65
186.69
190.52
187.64
190.2
188.13
189.11
193.72
193.65
190.16
191.3
191.6
187.95
185.42
185.43
185.27
182.86
186.63
189.78
192.88
192.09
192.0
194.78
192.32
193.2
195.54
195.09
193.35
198.11
199.0
199.78
200.43
200.59
198.4
199.38
199.54
202.76
202.5
202.17
203.34
204.63
204.38
204.67
204.56
203.21
203.12
203.24
205.12
206.02
205.52
206.92
206.25
204.19
206.42
203.95
204.5
204.02
205.92
208.0
208.01
207.78
209.24
209.9
210.1
208.97
208.97
208.61
208.92
209.35
207.45
206.33
207.97
206.16
205.01
204.97
205.72
205.89
208.45
206.5
206.56
204.76
206.78
204.85
204.91
204.2
205.49
205.21
207.87
209.28
209.34
210.24
209.84
210.27
210.91
210.28
211.35
211.68
212.37
212.08
210.07
208.45
208.04
207.75
208.37
206.52
207.85
208.44
208.1
210.81
203.13
199.6
203.2
206.66
209.48
209.92
208.41
209.66
209.53
212.65
213.4
214.95
214.92
216.12
215.83
216.41
216.19
217.08
216.26
217.24
216.65
216.75
216.52
216.77
217.12
216.94
215.55
216.18
216.41
218.18
218.05
218.18
217.64
218.65
218.46
219.09
217.96
218.37
218.86
218.54
218.53
218.97
217.85
217.7
217.29
218.36
218.0
217.38
217.39
218.37
219.03
219.01
218.51
213.28
216.34
213.23
213.15
215.28
213.37
213.41
213.42
215.82
217.18
215.99
214.24
215.57
216.64
214.68
216.3
215.78
214.68
215.63
215.78
215.04
216.16
213.43
213.71
213.01
213.12
212.38
213.71
214.28
213.88
213.98
214.89
214.17
213.74
213.17
212.54
212.55
211.01
209.74
208.78
208.55
213.15
214.11
216.38
216.92
216.42
216.59
218.28
217.87
218.99
218.5
220.15
220.58
220.7
221.52
220.48
220.91
220.38
219.57
219.68
221.0
221.7
224.6
225.15
226.51
226.25
227.76
225.88
226.81
225.04
225.53
226.4
225.77
225.38
225.71
226.27
224.4
224.35
223.53
